{
	"meta": {
		"createdBy": "Area Learning - AR.js 1.7.2",
		"createdAt": "2020-02-08T11:54:28.003Z"
	},
	"trackingBackend": "artoolkit",
	"subMarkersControls": [
		{
			"parameters": {
				"type": "pattern",
				"patternUrl": "https://cdn.glitch.com/8eec326c-c39f-4b72-95df-b6e8a8bec1f6%2Fpattern-marker-r.patt?v=1581162448332\n                                   "
			},
			"poseMatrix": [
				1,
				0,
				0,
				0,
				0,
				1,
				0,
				0,
				0,
				0,
				1,
				0,
				0,
				0,
				0,
				1
			]
		},
		{
			"parameters": {
				"type": "pattern",
				"patternUrl": " https://cdn.glitch.com/8eec326c-c39f-4b72-95df-b6e8a8bec1f6%2Fpattern-marker-a.patt?v=1581162448705\n                                   "
			},
			"poseMatrix": [
				-0.015351498582536666,
				-0.03572858159108214,
				-0.9992435938586014,
				0,
				0.9963245014920072,
				0.08368129193729457,
				-0.018298730026833635,
				0,
				0.08427178253413115,
				-0.9958518286864746,
				0.034312629568755075,
				0,
				0.8130840723914531,
				-0.593034927509392,
				-0.01234273806028534,
				1.0000000000000002
			]
		},
		{
			"parameters": {
				"type": "pattern",
				"patternUrl": " https://cdn.glitch.com/8eec326c-c39f-4b72-95df-b6e8a8bec1f6%2Fpattern-marker-c.patt?v=1581162448349\n                                   "
			},
			"poseMatrix": [
				0.08305804115270797,
				0.9964126206696566,
				-0.016209450079924692,
				0,
				-0.061646529118335805,
				0.021371812450340064,
				0.997869144713806,
				0,
				0.9946359041709324,
				-0.0818818039946378,
				0.06320050717400363,
				0,
				-0.1922815316217622,
				-0.8112061070400102,
				0.7860544619083838,
				1.0000000000000004
			]
		},
		{
			"parameters": {
				"type": "pattern",
				"patternUrl": "https://cdn.glitch.com/8eec326c-c39f-4b72-95df-b6e8a8bec1f6%2Fpattern-marker-b.patt?v=1581162448364\n                                   "
			},
			"poseMatrix": [
				-0.022449667415998055,
				0.9996475797453109,
				0.014164704972907808,
				0,
				0.08577464147900633,
				0.01604193535499425,
				-0.996185484823481,
				0,
				-0.9960616758729485,
				-0.021149056351329732,
				-0.08610455343915238,
				0,
				0.13899162389061126,
				-0.7390509249619599,
				-0.8548228397552049,
				1.0000000000000009
			]
		},
		{
			"parameters": {
				"type": "pattern",
				"patternUrl": "https://cdn.glitch.com/8eec326c-c39f-4b72-95df-b6e8a8bec1f6%2Fpattern-marker-u.patt?v=1581162448417\n                                   "
			},
			"poseMatrix": [
				-0.005559505475776261,
				0.9999819486804389,
				-0.0022638000575708425,
				0,
				-0.9990181985699877,
				-0.005454624092623387,
				0.043962445062667464,
				0,
				0.04394930180154241,
				0.0025059871252263344,
				0.9990305934935483,
				0,
				-0.8944991851372669,
				-0.6741022871530549,
				0.1685724886120211,
				1
			]
		},
		{
			"parameters": {
				"type": "pattern",
				"patternUrl": "https://cdn.glitch.com/8eec326c-c39f-4b72-95df-b6e8a8bec1f6%2Fpattern-marker-e.patt?v=1581162448688"
			},
			"poseMatrix": [
				-0.9989155921422089,
				-0.04603885285576302,
				0.006933725490016094,
				0,
				0.009453944707207307,
				-0.05475110032361382,
				0.9984552927420418,
				0,
				-0.04558810775899941,
				0.9974380671210901,
				0.055126978287329605,
				0,
				-0.24752253192515114,
				-0.6717636837461938,
				0.9276377105119101,
				1
			]
		}
	]
}